572  765  -1

-1

-1

-1

-1

-1

-1

-1

-1

-1

-1

-1

-1

-1

-1

-1

-1

-1

-1

-1

-1

-1

-1

-1

-1

-1

-1

-1

-1

-1

-1

-1

-1

-1

-1

-1

-1

-1

-1

-1

-1

-1

-1

-1

-1

-1

-1

-1

-1

-1

-1

-1

-1

-1

-1

-1

-1

-1

-1

-1

-1

-1

-1

-1

-1

-1

-1

-1

-1

-1

-1

-1

-1

-1

-1

-1

-1

-1

374  375  -1

371  373  -1

371  373  -1

-1

-1

395  396  -1

391  395  427  427  -1

390  394  -1

391  394  -1

-1

-1

425  425  -1

424  424  426  426  -1

425  426  -1

423  425  440  440  -1

414  414  423  426  440  441  -1

414  415  422  425  -1

414  415  422  425  436  436  -1

414  415  422  425  435  435  452  452  472  472  -1

398  398  402  403  413  416  422  425  441  441  -1

401  401  413  416  418  418  422  424  506  506  -1

400  402  412  425  431  431  441  442  448  449  470  470  -1

400  401  412  428  442  442  449  451  464  464  466  470  -1

374  374  397  397  400  403  410  426  430  432  442  443  448  449  467  467  -1

398  403  407  419  421  425  429  433  439  442  448  448  498  498  -1

358  358  397  404  407  408  410  419  422  426  429  433  441  441  499  500  503  504  -1

381  382  395  419  422  426  428  433  441  441  444  444  468  468  505  505  -1

381  383  391  409  411  412  414  419  423  426  428  433  442  442  502  504  -1

381  384  390  390  392  411  413  419  423  434  437  437  440  440  443  443  462  462  500  501  503  504  -1

358  358  365  366  376  377  381  384  388  388  391  434  437  438  454  454  461  462  465  466  502  504  -1

362  363  366  367  373  373  376  377  380  430  433  434  437  437  440  440  443  443  452  453  457  458  460  461  463  464  466  467  502  503  -1

357  358  362  366  376  384  386  391  393  431  433  434  437  437  440  444  446  447  453  454  457  464  466  468  502  504  -1

362  366  371  371  375  376  378  392  394  396  398  418  420  431  438  439  441  441  443  446  451  453  456  469  -1

357  358  362  365  367  368  371  371  375  388  390  418  420  433  436  441  443  447  449  451  453  470  -1

355  357  362  363  365  366  371  371  375  432  436  438  441  447  449  470  504  504  -1

355  356  365  365  368  369  375  437  440  441  443  446  449  449  451  470  472  473  -1

354  358  363  364  370  371  375  381  384  437  439  440  443  447  450  467  469  472  480  480  490  490  -1

355  360  363  365  368  372  375  438  441  441  443  446  448  466  469  473  481  481  -1

355  361  363  370  374  437  440  447  449  467  469  473  479  480  500  500  -1

353  364  366  437  440  466  469  474  480  480  492  492  -1

222  222  352  360  362  437  441  465  468  469  472  475  479  479  491  491  -1

353  467  469  476  481  481  493  493  -1

352  453  455  467  470  475  477  478  481  481  491  492  -1

345  346  352  465  470  474  479  479  491  491  498  498  -1

352  464  467  467  469  475  487  487  490  490  493  494  497  497  -1

345  345  351  475  477  478  481  483  490  495  497  497  -1

342  345  350  478  481  483  490  494  498  499  -1

339  341  343  345  347  347  349  477  480  484  490  494  517  517  -1

338  343  345  346  348  366  368  476  478  484  489  497  -1

337  337  339  344  347  484  487  487  489  496  -1

337  342  348  484  487  497  -1

336  336  338  342  346  346  348  366  368  485  488  498  -1

333  334  337  340  342  344  347  366  368  477  479  498  -1

335  335  338  340  342  366  368  475  481  485  488  499  -1

332  334  337  476  480  499  501  501  -1

331  334  337  340  342  477  479  500  -1

332  333  338  502  -1

331  331  333  334  337  339  342  502  -1

331  333  335  336  338  339  341  345  347  502  -1

332  334  337  338  341  486  488  502  -1

330  330  333  430  433  453  457  494  496  504  -1

327  327  331  334  338  430  432  457  459  495  497  504  543  543  -1

327  333  337  457  460  503  543  543  -1

326  331  334  335  337  454  457  504  -1

327  329  332  333  335  336  338  453  457  503  505  505  -1

325  326  328  333  336  337  339  452  456  504  -1

324  325  327  334  338  505  -1

325  506  512  512  -1

324  328  330  333  335  336  338  504  506  506  -1

322  330  332  505  -1

322  330  333  503  505  505  507  507  -1

317  317  321  331  334  504  507  507  509  509  -1

321  324  326  330  333  501  503  505  508  508  -1

317  317  321  500  502  503  505  506  509  510  -1

317  319  321  326  328  511  -1

318  319  322  326  328  510  512  512  -1

319  320  323  325  327  512  520  520  -1

316  316  319  320  324  325  329  508  510  511  518  519  -1

319  320  324  328  330  510  512  512  519  520  -1

320  320  323  325  328  328  330  331  333  509  513  513  518  520  -1

321  321  323  326  329  509  511  511  519  521  -1

315  316  326  508  513  513  519  522  -1

321  321  324  488  491  508  514  515  519  523  -1

325  488  491  512  515  515  518  522  -1

317  317  324  510  512  513  516  516  519  522  -1

324  514  517  522  -1

317  317  324  511  514  514  518  520  523  523  -1

323  514  516  521  524  524  -1

315  315  322  521  555  555  -1

316  317  320  521  523  524  526  526  556  556  -1

315  316  320  521  524  526  -1

315  316  319  522  524  526  531  532  -1

314  316  319  521  524  524  526  527  530  530  549  551  -1

314  528  531  532  550  551  556  556  -1

311  527  531  532  549  549  556  556  -1

311  317  319  524  526  529  543  543  556  557  -1

310  310  312  316  318  529  531  532  -1

308  315  317  463  465  532  542  543  556  556  -1

309  316  318  464  466  532  537  538  544  544  557  557  -1

309  316  318  329  331  464  467  532  534  536  538  545  557  557  -1

308  464  466  535  538  544  546  547  -1

309  547  554  555  558  558  -1

309  550  552  555  559  559  -1

311  464  466  555  559  559  569  569  -1

312  555  557  559  -1

312  560  -1

267  267  313  555  557  561  -1

267  268  313  558  560  561  -1

312  312  315  556  559  561  -1

305  305  309  309  312  562  -1

309  563  -1

305  305  307  458  460  557  563  564  -1

305  458  460  556  -1

305  557  -1

305  560  562  563  -1

305  559  564  565  -1

306  559  562  562  -1

307  565  -1

307  563  -1

307  308  310  563  -1

292  296  303  303  306  306  309  563  -1

284  284  290  290  292  296  302  303  310  563  -1

285  285  294  295  302  308  311  564  -1

301  302  305  305  309  329  334  565  -1

294  294  301  301  307  307  310  329  334  467  469  564  -1

286  294  308  326  334  565  -1

289  294  300  300  309  325  330  566  -1

295  297  299  299  307  322  328  565  -1

283  285  296  299  308  319  327  564  -1

283  284  287  287  299  301  305  317  325  563  -1

287  288  303  315  323  563  -1

287  291  305  311  320  564  570  570  -1

288  288  293  294  319  564  -1

279  279  293  299  315  564  -1

293  302  313  563  -1

293  297  301  467  470  560  562  562  -1

294  295  302  467  470  559  561  561  -1

293  295  304  305  312  559  562  563  -1

290  290  294  295  305  305  311  561  564  564  567  569  -1

290  291  294  294  304  305  308  308  312  336  338  561  564  569  -1

292  293  304  305  312  336  338  559  561  563  565  566  569  569  -1

291  294  304  305  312  558  560  562  567  568  605  606  -1

290  293  304  306  312  562  565  565  604  605  -1

289  294  305  307  311  556  559  560  564  564  -1

290  294  303  307  311  556  560  561  -1

289  294  304  307  309  556  560  560  -1

289  290  292  294  302  308  310  556  560  561  -1

288  289  293  294  299  558  560  561  -1

288  289  293  293  300  557  559  561  573  574  -1

287  292  300  561  574  575  586  587  -1

288  292  299  562  574  576  589  589  -1

289  293  298  562  574  577  589  589  -1

289  293  297  522  525  561  574  578  581  581  584  584  -1

290  305  307  561  574  579  582  583  585  585  -1

290  293  295  306  309  562  573  578  583  583  -1

291  564  566  571  573  578  580  581  585  585  -1

292  294  296  562  565  566  568  570  573  579  581  582  589  589  -1

291  562  565  584  589  589  -1

289  294  296  563  565  566  568  569  571  577  580  583  585  586  589  590  -1

288  290  292  294  296  563  567  576  578  590  -1

288  589  -1

288  290  292  579  581  591  -1

284  284  287  290  292  581  583  585  587  591  -1

284  285  287  289  292  301  304  585  588  591  -1

286  290  292  566  568  580  582  585  588  591  -1

284  289  292  296  299  567  570  583  589  591  -1

280  280  284  284  287  294  296  562  564  567  569  575  577  584  589  590  -1

273  273  279  280  287  293  295  383  387  567  570  573  576  581  583  584  589  591  -1

281  281  287  292  294  294  296  383  387  575  577  583  585  585  589  591  -1

264  265  283  283  287  292  295  573  575  582  585  585  588  591  -1

283  283  287  293  296  302  304  565  568  574  576  592  -1

280  280  287  288  290  292  295  302  304  391  395  574  576  592  -1

291  292  294  592  -1

288  288  291  292  295  573  575  590  -1

288  292  294  573  576  588  -1

279  280  289  292  294  304  306  570  572  583  585  586  588  589  -1

270  270  279  280  286  286  289  292  295  303  307  569  571  573  576  580  583  583  586  587  -1

265  265  280  281  290  303  307  567  569  569  571  572  575  580  585  585  588  588  -1

265  266  278  278  281  283  287  287  290  304  307  568  570  572  575  580  587  587  -1

265  267  282  567  570  571  574  579  587  587  -1

266  267  287  287  289  317  319  566  572  573  575  579  583  583  -1

266  267  287  580  583  583  -1

266  266  287  532  534  580  582  582  585  585  -1

256  257  286  368  370  532  535  580  582  585  -1

256  256  263  264  285  285  288  299  301  532  534  581  583  584  -1

256  257  262  262  283  285  289  317  319  395  398  580  582  583  585  585  -1

283  285  289  298  300  317  319  567  570  580  583  585  -1

281  281  283  285  288  289  291  305  308  388  390  580  586  588  -1

266  266  281  290  292  387  391  580  584  587  -1

266  266  275  275  279  280  282  384  386  567  569  582  587  591  -1

266  267  270  270  277  567  569  580  582  586  589  592  -1

267  268  277  277  280  280  283  566  568  583  585  585  588  589  592  592  -1

271  271  275  277  283  467  470  583  586  587  590  591  -1

259  260  266  266  269  270  273  279  283  583  585  587  589  590  -1

270  279  282  587  590  590  -1

273  279  282  585  591  591  -1

273  280  283  290  292  297  299  585  -1

274  280  282  293  295  585  -1

274  293  295  586  591  591  -1

275  293  295  491  493  586  589  589  -1

268  268  273  292  294  490  493  571  573  587  -1

269  277  280  293  296  299  301  490  492  589  -1

269  277  280  293  295  433  435  487  490  590  -1

269  275  280  285  288  293  295  590  -1

268  269  272  273  282  284  287  294  296  297  300  589  -1

267  268  270  271  280  286  289  296  300  390  392  589  -1

268  270  281  284  289  297  299  390  393  488  491  590  -1

263  267  269  269  281  283  288  289  291  391  394  488  491  590  -1

262  268  281  283  287  288  290  391  394  488  490  575  577  583  586  587  -1

262  267  280  283  289  294  296  392  394  583  585  586  589  589  -1

263  267  280  284  287  288  290  391  395  486  488  586  -1

262  262  265  266  278  284  289  392  395  587  589  589  -1

266  266  278  283  285  285  289  589  -1

278  279  281  281  283  391  393  587  589  589  607  607  -1

279  293  295  391  394  588  -1

280  587  -1

275  275  280  585  587  588  -1

280  586  588  593  601  601  -1

273  275  279  589  593  594  601  601  -1

271  274  280  589  611  611  -1

270  273  279  279  283  586  592  592  595  595  -1

271  272  280  281  284  587  590  590  -1

271  272  278  279  282  586  588  588  591  592  -1

276  277  280  280  282  290  292  586  589  589  591  592  599  599  -1

268  268  278  279  283  285  288  288  291  575  577  578  580  584  590  591  598  598  -1

265  266  276  280  282  283  286  286  291  585  590  591  599  599  -1

264  267  274  287  289  587  589  591  -1

264  268  274  275  280  286  288  288  291  581  583  586  589  591  -1

264  264  280  284  286  287  291  576  578  584  586  589  591  592  -1

265  265  270  271  281  284  288  288  291  591  -1

269  270  282  284  290  592  -1

269  270  282  287  289  588  591  592  -1

268  269  278  278  281  298  301  512  515  588  591  591  -1

268  269  278  278  282  297  301  590  592  592  -1

267  268  283  297  300  565  567  570  572  585  587  590  -1

268  269  282  282  284  291  294  566  568  584  587  589  -1

268  270  282  582  589  590  592  593  -1

268  271  284  291  295  581  -1

269  272  281  291  295  296  298  581  586  586  589  589  -1

269  270  272  272  281  287  289  291  295  581  585  587  -1

281  287  289  289  294  581  -1

280  287  293  296  299  582  -1

280  286  292  296  299  584  587  587  -1

268  268  272  272  280  285  288  289  292  295  299  557  559  584  -1

279  283  286  287  293  295  299  344  346  557  559  580  582  585  -1

264  264  270  273  278  282  284  285  288  289  294  580  583  586  -1

269  274  278  283  286  286  289  289  295  296  299  586  -1

266  266  268  276  278  286  290  291  296  582  584  586  605  605  -1

266  275  277  285  297  581  584  587  605  605  -1

266  289  296  469  472  582  585  588  606  606  -1

267  279  281  289  294  470  473  514  516  589  -1

267  292  294  514  517  581  583  588  -1

266  270  272  278  282  292  295  514  516  589  -1

268  269  271  292  296  589  -1

268  291  296  585  587  589  607  608  -1

269  291  294  589  608  608  -1

271  291  295  589  -1

265  265  270  270  272  275  279  590  -1

271  275  277  581  583  591  607  607  -1

261  264  271  275  279  528  530  531  533  584  586  591  600  601  606  607  -1

263  265  270  273  277  277  280  518  520  520  523  530  532  591  606  606  -1

261  261  264  265  270  357  359  532  534  591  601  601  606  607  -1

262  263  265  266  269  290  292  357  359  525  527  529  531  592  606  606  -1

262  529  532  592  602  602  605  606  -1

264  519  522  524  527  528  531  531  534  591  601  602  605  606  -1

266  266  270  280  283  516  518  519  522  524  531  531  534  592  601  602  605  606  -1

270  280  282  520  524  524  533  592  600  603  606  607  -1

269  281  283  359  362  520  533  593  600  602  606  607  -1

270  280  282  359  362  513  515  519  532  594  596  596  599  602  606  606  -1

260  260  270  359  362  518  530  530  533  601  -1

260  260  264  264  268  513  515  518  532  533  535  600  -1

260  260  263  264  267  510  512  516  519  519  533  600  606  606  -1

262  262  264  299  301  508  510  515  517  517  533  598  605  606  -1

260  260  262  263  265  514  521  521  532  533  535  599  605  606  -1

260  514  521  521  531  531  534  598  605  606  -1

264  295  298  505  507  511  535  598  605  606  -1

264  294  299  505  508  509  536  598  605  606  -1

263  504  536  595  597  597  605  606  -1

263  297  299  505  535  536  538  595  605  605  -1

263  360  362  504  507  508  535  593  597  598  606  606  -1

255  255  263  264  266  272  274  359  362  504  508  512  534  594  597  598  606  607  -1

254  255  262  263  265  308  310  312  315  503  505  505  509  509  512  516  533  533  536  573  575  594  597  598  605  606  -1

254  256  261  312  315  505  510  510  513  516  536  573  577  592  594  594  597  597  605  606  -1

255  256  261  272  274  276  278  283  286  505  515  515  534  574  577  593  597  598  606  606  -1

256  257  262  263  266  272  274  276  279  282  286  506  535  592  596  597  606  606  -1

261  261  266  271  273  284  286  505  534  587  589  594  596  597  601  602  606  606  -1

266  462  464  506  509  509  519  519  533  585  588  593  595  598  606  607  -1

267  462  465  506  508  508  517  518  532  532  534  576  578  586  588  599  602  603  606  607  -1

268  462  465  507  517  518  531  531  534  599  602  603  -1

268  358  360  459  464  464  466  483  485  507  517  519  529  529  532  576  579  598  601  602  -1

268  459  464  465  467  507  518  520  526  527  530  531  533  576  579  597  600  602  607  607  -1

267  355  358  459  463  464  467  509  513  514  518  519  525  528  530  530  532  576  578  597  601  601  607  607  -1

267  355  359  457  459  460  463  464  466  515  518  519  525  529  532  576  578  596  -1

267  356  359  360  362  458  461  461  463  464  467  517  521  522  524  531  533  590  592  596  602  602  -1

266  356  359  360  362  456  458  460  462  464  466  517  520  589  593  596  601  602  -1

257  257  265  284  287  460  462  464  466  466  469  470  472  517  519  590  592  592  594  596  601  602  -1

256  257  266  284  287  459  461  468  471  588  590  591  593  596  603  603  -1

198  199  256  256  266  284  287  457  461  467  471  590  592  595  -1

254  255  265  285  287  455  460  466  473  597  -1

255  256  259  259  263  265  268  268  271  272  274  455  459  465  473  595  597  597  -1

259  266  270  270  272  361  363  454  458  459  462  466  470  470  472  595  -1

260  264  271  454  456  466  473  594  -1

261  266  270  270  272  466  471  473  475  580  582  595  608  608  -1

261  264  266  266  271  283  285  356  359  459  462  463  470  473  475  579  581  596  -1

261  262  264  265  270  282  286  458  461  465  470  579  581  595  -1

262  264  266  266  269  269  272  281  284  284  286  457  461  463  466  466  469  483  485  579  582  593  596  597  -1

264  265  267  268  271  281  283  284  286  460  462  465  469  579  581  581  584  592  596  598  -1

264  268  271  283  286  457  460  464  469  592  598  598  -1

265  266  269  269  272  273  276  283  285  463  468  592  -1

266  267  273  275  277  461  467  585  587  590  -1

266  266  273  274  277  461  464  585  588  590  -1

272  273  276  456  459  461  464  570  572  583  589  591  -1

265  265  274  281  284  457  460  583  590  591  -1

273  281  285  582  -1

274  275  277  282  284  581  587  588  590  590  -1

271  272  274  281  284  561  564  581  589  590  -1

272  480  482  561  565  579  -1

275  549  551  560  565  581  -1

275  560  563  579  589  589  -1

277  579  589  590  -1

278  282  284  357  359  499  501  554  557  562  564  565  567  579  584  584  588  589  -1

277  340  342  357  359  553  561  562  569  572  575  579  585  587  -1

277  339  341  554  561  561  563  564  570  572  576  580  583  583  585  587  -1

278  553  562  563  567  567  570  572  576  589  -1

278  554  562  563  566  566  570  571  576  588  -1

278  281  284  497  499  554  563  564  567  567  570  571  576  584  -1

276  281  286  497  500  553  555  555  562  562  565  566  570  571  578  584  -1

277  277  279  280  285  497  499  546  550  556  564  566  569  569  579  583  -1

278  279  284  286  288  366  370  547  550  554  560  560  564  568  579  583  -1

279  280  283  283  286  287  289  367  369  556  558  559  564  568  578  579  -1

278  278  282  283  286  368  371  484  486  559  565  567  -1

282  283  287  369  371  376  378  521  523  558  560  561  564  568  571  571  -1

282  283  288  376  380  517  519  520  525  557  559  560  562  563  565  568  -1

282  285  289  375  378  378  380  488  490  515  528  568  580  581  -1

285  285  289  310  312  336  338  488  491  514  517  518  528  553  555  567  572  573  -1

290  317  319  350  352  409  411  487  491  513  516  517  529  569  572  575  579  580  -1

291  351  354  409  411  487  490  514  516  517  530  554  556  568  575  576  578  579  -1

291  319  322  351  354  468  470  484  486  515  532  546  548  567  572  572  575  576  -1

291  348  350  351  353  371  374  484  487  511  513  515  531  554  556  567  577  581  -1

291  314  317  352  355  370  375  484  487  514  523  523  531  553  557  567  575  578  580  580  588  589  -1

291  314  318  347  349  369  376  485  487  514  522  523  532  553  558  563  565  567  572  576  -1

291  316  318  351  353  369  373  373  376  381  383  514  520  522  528  528  531  552  557  562  564  568  570  575  -1

291  294  296  315  317  344  346  347  349  372  374  514  521  521  529  529  531  549  551  552  556  562  564  565  569  574  577  577  -1

291  370  372  488  490  514  520  522  528  549  555  563  566  566  572  575  -1

273  274  291  393  395  485  491  515  520  521  527  528  530  537  540  549  553  560  573  574  -1

270  271  281  281  290  340  342  343  345  373  376  476  479  486  492  493  495  514  520  521  527  549  554  559  561  562  -1

268  268  279  281  290  341  344  345  347  357  360  369  371  374  376  450  452  478  481  488  491  492  497  515  520  521  526  537  539  547  550  553  556  558  560  560  -1

279  281  288  332  334  342  348  352  354  357  360  368  371  374  376  449  454  454  456  478  480  481  487  491  497  517  520  521  524  524  526  545  549  553  557  559  -1

278  281  289  292  294  332  334  340  342  343  349  351  353  357  360  369  372  373  376  449  454  481  487  491  497  517  519  523  526  545  551  553  558  559  -1

278  281  284  332  334  340  345  345  347  351  353  353  355  373  377  377  379  391  394  431  433  448  451  452  454  454  457  482  487  492  496  522  526  544  546  546  550  557  -1

277  291  294  341  346  353  355  370  372  373  376  376  379  391  395  432  434  449  452  466  468  483  487  545  549  551  556  556  -1

277  341  345  368  370  370  373  373  379  447  449  449  451  453  455  466  468  545  548  550  557  559  -1

276  291  293  341  345  349  351  370  380  388  390  427  430  433  436  442  444  445  447  449  451  451  453  453  455  465  468  544  547  547  549  550  557  558  560  560  577  577  -1

276  340  346  373  380  433  435  443  447  450  455  465  468  473  476  546  550  550  558  558  -1

276  340  347  362  364  372  377  377  381  386  388  432  435  443  447  450  453  464  467  471  473  474  477  545  557  557  -1

275  289  291  335  341  341  347  365  367  374  376  377  381  422  424  425  428  444  447  451  454  464  467  473  476  545  -1

274  334  336  336  347  363  368  370  372  373  376  377  381  433  435  439  448  464  466  473  476  548  558  558  -1

274  331  333  337  347  361  367  367  370  371  373  374  380  432  434  438  444  445  448  451  453  454  457  463  465  472  477  491  494  495  497  541  543  544  546  547  -1

274  332  334  336  346  346  348  349  351  360  362  363  369  370  373  378  380  439  443  443  445  454  456  466  468  472  476  539  542  546  551  552  -1

273  275  283  330  332  333  336  337  346  348  350  350  352  362  366  366  376  376  379  439  441  443  445  446  449  464  469  530  535  539  542  545  558  558  -1

272  275  279  279  281  283  285  331  333  337  347  348  350  350  353  361  365  367  378  378  381  384  386  438  441  441  444  447  449  464  467  479  481  491  493  495  497  532  534  538  544  545  570  571  -1

272  274  283  283  287  330  332  332  335  337  349  349  354  357  359  359  366  367  381  395  397  433  435  438  441  442  445  449  453  480  482  482  485  490  492  533  537  540  545  545  556  556  564  565  571  571  -1

272  274  278  278  283  283  288  331  333  334  337  337  347  348  354  358  366  367  377  378  381  384  386  395  397  447  450  451  454  481  483  484  486  491  493  531  536  541  -1

271  273  283  284  288  331  334  334  344  344  347  348  354  358  367  369  378  380  384  395  398  424  427  438  440  442  444  448  454  482  486  492  494  501  503  537  541  541  544  544  -1

271  273  282  283  289  331  335  336  343  343  347  349  353  354  356  356  384  394  397  423  431  437  439  448  452  453  455  476  478  483  486  502  504  533  536  536  -1

271  272  287  332  345  354  377  378  385  394  397  407  410  413  416  423  432  447  451  452  456  501  505  525  527  534  -1

270  272  282  283  286  286  288  330  342  343  346  354  359  359  375  375  377  378  386  393  395  406  411  413  415  416  418  424  429  429  431  447  452  452  454  476  478  501  505  525  528  532  534  535  544  545  552  552  565  565  571  571  -1

270  271  283  283  286  291  293  326  329  329  332  332  343  344  346  351  353  354  375  376  379  379  387  392  396  405  409  410  413  423  427  427  432  432  435  446  453  453  456  469  472  475  478  502  506  524  529  530  536  536  -1

270  271  285  290  293  326  344  344  347  352  354  354  374  375  379  379  387  392  397  405  410  424  427  427  435  438  443  447  453  469  472  475  478  485  487  504  507  519  521  524  528  529  534  534  -1

269  270  289  290  292  292  295  326  348  354  373  374  389  392  396  400  402  404  407  407  411  415  418  423  432  438  446  449  452  470  472  484  487  488  492  519  522  524  567  567  -1

269  270  289  289  294  327  343  343  348  351  353  354  373  374  388  393  395  399  401  405  408  409  411  415  418  424  432  437  445  445  447  451  453  464  467  484  487  488  492  501  503  523  566  567  -1

269  270  288  289  297  331  342  342  347  348  350  351  353  355  361  361  389  392  395  399  401  405  410  411  414  415  419  425  432  434  447  449  451  463  467  488  490  491  493  513  516  523  -1

268  270  289  289  297  330  345  346  349  350  353  354  368  368  390  392  395  398  401  405  413  413  419  422  431  434  448  450  452  485  488  489  492  500  503  514  522  522  -1

268  269  297  324  327  329  346  346  350  351  354  355  390  398  401  405  417  420  426  427  433  434  436  437  444  445  451  465  467  488  491  491  493  505  507  514  516  518  -1

268  269  297  302  304  320  322  323  325  325  328  329  346  347  349  351  389  397  400  405  418  420  426  428  434  438  443  446  449  489  491  509  514  517  -1

267  269  296  297  299  323  347  347  349  349  351  353  356  356  360  360  373  373  389  397  399  406  413  413  418  419  423  423  426  428  432  437  442  490  492  493  495  496  499  499  503  510  -1

267  268  295  295  298  322  347  348  351  352  358  361  390  396  399  407  412  412  417  424  427  429  431  431  443  448  450  495  504  508  515  515  -1

267  268  296  297  299  299  302  315  317  321  349  350  353  353  391  396  399  405  408  409  411  413  416  422  425  431  433  433  445  450  452  492  496  498  502  502  505  505  519  519  -1

267  268  295  295  301  309  311  315  319  321  347  347  350  351  356  357  390  395  398  404  407  407  410  415  417  423  425  429  432  434  445  449  451  451  454  495  497  497  500  501  503  504  506  507  -1

266  267  291  294  300  314  319  320  322  324  348  348  350  351  353  355  391  395  398  404  407  415  418  422  425  427  445  450  454  491  494  495  500  508  510  510  -1

266  267  291  292  301  311  313  313  320  324  347  347  352  352  391  394  399  400  402  404  407  421  425  426  445  450  455  477  479  492  501  509  -1

266  267  291  291  304  311  321  321  349  349  352  352  391  394  399  401  403  405  407  417  420  424  447  449  456  479  481  491  500  500  508  510  514  514  -1

265  267  293  293  303  310  319  319  347  347  352  352  390  394  399  400  405  407  409  409  415  416  420  424  447  450  455  463  466  493  510  510  -1

265  266  305  308  313  314  319  319  353  353  390  393  406  408  421  424  448  451  455  460  463  463  466  493  500  500  511  511  -1

265  266  305  305  308  308  390  392  407  408  422  425  449  461  463  463  466  491  499  500  -1

265  265  306  306  389  392  397  398  422  423  448  492  -1

265  265  389  392  397  397  423  424  449  494  500  501  -1

264  265  389  391  396  397  423  424  438  438  445  445  449  498  501  501  -1

264  265  389  391  423  424  438  439  445  445  449  499  502  502  -1

264  265  388  390  397  398  423  423  430  430  449  500  -1

263  264  388  390  423  423  429  432  442  442  449  467  469  493  495  496  498  500  502  503  -1

263  264  387  390  398  398  423  423  426  426  429  432  437  438  441  442  447  465  467  491  499  499  503  503  506  506  -1

262  264  387  390  398  398  422  424  430  432  437  438  440  442  447  465  467  475  478  491  507  508  511  511  -1

262  264  387  389  423  425  429  431  438  447  449  476  479  491  -1

262  263  387  389  422  422  426  431  437  442  444  447  449  476  479  492  -1

262  263  386  388  427  430  435  437  440  441  446  458  460  491  494  494  -1

262  263  386  388  426  427  429  430  434  435  438  441  449  451  453  458  463  493  -1

262  263  385  388  422  422  429  430  434  434  439  440  447  447  449  450  455  458  463  464  467  494  -1

261  262  385  387  429  429  444  446  449  450  455  461  466  495  -1

261  262  385  387  398  398  429  429  445  445  449  449  452  466  469  484  486  495  -1

261  262  384  387  421  421  431  432  447  448  451  451  453  456  458  460  463  467  470  477  480  484  488  488  490  492  494  494  -1

260  261  384  386  432  432  445  446  452  460  462  466  471  473  475  476  479  484  489  489  492  493  495  495  -1

261  261  384  386  420  420  431  431  445  447  451  461  463  466  471  472  476  484  493  494  -1

260  261  311  311  383  386  432  432  447  447  452  455  458  461  469  478  480  484  494  494  497  498  504  504  -1

260  261  383  386  446  446  448  448  452  454  459  462  468  475  479  479  482  484  496  496  503  504  -1

260  261  383  385  447  447  450  450  453  455  460  463  467  475  483  484  -1

259  260  383  385  448  449  452  453  455  457  460  463  466  473  483  484  -1

259  260  382  385  456  463  466  469  472  473  -1

259  260  382  384  450  451  454  454  457  458  460  461  464  469  471  474  484  485  -1

259  259  382  384  452  452  456  456  458  460  463  469  473  474  -1

259  259  382  384  458  461  463  468  473  474  -1

258  259  381  384  449  449  451  451  455  455  459  459  461  461  464  465  474  475  -1

258  258  381  384  449  449  452  452  459  460  -1

258  259  381  384  453  454  470  471  -1

257  258  381  383  471  472  -1

257  258  381  383  473  473  -1

257  258  380  383  -1

257  257  380  382  -1

257  257  380  382  470  470  -1

256  257  380  382  -1

256  257  380  382  -1

256  256  380  382  -1

256  256  379  382  -1

255  256  379  382  -1

255  256  379  382  -1

255  256  379  382  -1

255  255  379  381  -1

255  255  379  381  -1

254  255  379  381  -1

254  255  379  381  -1

254  254  379  381  -1

253  254  379  381  -1

254  254  379  381  -1

253  254  379  381  -1

253  254  379  381  -1

253  253  379  381  -1

252  253  379  381  -1

252  253  379  381  -1

252  252  379  381  -1

252  252  379  381  -1

252  252  379  381  -1

251  251  379  381  -1

251  251  379  381  -1

251  251  379  381  -1

250  251  379  381  -1

250  250  379  381  -1

250  250  379  381  -1

249  249  379  381  -1

378  381  -1

378  381  -1

379  381  -1

378  381  -1

378  381  -1

378  381  -1

379  381  -1

379  381  -1

378  381  -1

379  381  -1

379  381  -1

380  381  -1

-1

-1

-1

-1

-1

-1

-1

-1

-1

-1

-1

-1

-1

-1

-1

-1

-1

-1

-1

-1

-1

-1

-1

-1

-1

-1

-1

-1

-1

-1

-1

-1

-1

-1

-1